10
==================
i = 0 :: 0 1 1 1 1 2 2 3 3 4 
i = 1 :: 0 0 0 0 0 1 1 2 2 3 
i = 2 :: 0 0 0 0 0 1 1 2 2 3 
i = 3 :: 0 0 0 0 0 0 1 2 2 3 
i = 4 :: 0 0 0 0 0 0 1 1 1 2 
i = 5 :: 0 0 0 0 0 0 0 0 0 1 
i = 6 :: 0 0 0 0 0 0 0 0 0 1 
i = 7 :: 0 0 0 0 0 0 0 0 0 1 
i = 8 :: 0 0 0 0 0 0 0 0 0 1 
i = 9 :: 0 0 0 0 0 0 0 0 0 0 
route table:
i = 0 :: 0 1 4 4 4 3 3 3 4 3 
i = 1 :: 0 0 2 4 4 3 3 3 4 3 
i = 2 :: 0 0 0 2 4 1 3 3 4 3 
i = 3 :: 0 0 0 0 2 4 3 1 4 3 
i = 4 :: 0 0 0 0 0 2 1 4 4 3 
i = 5 :: 0 0 0 0 0 0 2 4 4 3 
i = 6 :: 0 0 0 0 0 0 0 2 4 3 
i = 7 :: 0 0 0 0 0 0 0 0 2 3 
i = 8 :: 0 0 0 0 0 0 0 0 0 1 
i = 9 :: 0 0 0 0 0 0 0 0 0 0 
 max = 4
chordtable[0][i]: 
0 1 1 1 1 2 2 3 3 4 
routable[0][i]: 
0 1 4 4 4 3 3 3 4 3


============================================

12
==================
i = 0 :: 0 0 0 0 1 1 1 2 2 2 2 3 
i = 1 :: 0 0 0 0 0 0 1 1 1 2 2 2 
i = 2 :: 0 0 0 0 0 0 1 1 1 1 2 2 
i = 3 :: 0 0 0 0 0 0 0 1 1 1 2 2 
i = 4 :: 0 0 0 0 0 0 0 1 1 1 1 2 
i = 5 :: 0 0 0 0 0 0 0 1 1 1 1 2 
i = 6 :: 0 0 0 0 0 0 0 0 0 0 0 1 
i = 7 :: 0 0 0 0 0 0 0 0 0 0 0 1 
i = 8 :: 0 0 0 0 0 0 0 0 0 0 0 1 
i = 9 :: 0 0 0 0 0 0 0 0 0 0 0 0 
i = 10 :: 0 0 0 0 0 0 0 0 0 0 0 0 
i = 11 :: 0 0 0 0 0 0 0 0 0 0 0 0 
route table:
i = 0 :: 0 2 4 4 1 4 3 3 4 3 3 3 
i = 1 :: 0 0 2 4 4 4 3 3 4 1 3 3 
i = 2 :: 0 0 0 2 4 4 1 3 4 4 3 3 
i = 3 :: 0 0 0 0 2 4 4 3 4 4 1 3 
i = 4 :: 0 0 0 0 0 2 4 3 4 4 4 3 
i = 5 :: 0 0 0 0 0 0 2 1 4 4 4 3 
i = 6 :: 0 0 0 0 0 0 0 2 4 4 4 3 
i = 7 :: 0 0 0 0 0 0 0 0 2 4 4 3 
i = 8 :: 0 0 0 0 0 0 0 0 0 2 4 1 
i = 9 :: 0 0 0 0 0 0 0 0 0 0 2 4 
i = 10 :: 0 0 0 0 0 0 0 0 0 0 0 2 
i = 11 :: 0 0 0 0 0 0 0 0 0 0 0 0 
 max = 3
chordtable[0][i]: 
0 0 0 0 1 1 1 2 2 2 2 3 
routable[0][i]: 
0 2 4 4 1 4 3 3 4 3 3 3 

====================================

500
==================

max = 34
routable[0][i]: 
0 0 0 0 0 0 0 0 0 0 0 0 0 0 0 0 0 0 0 0 0 0 0 0 0 0 0 0 0 0 0 0 0 0 0 0 0 0 0 0 0 0 0 0 0 0 0 0 0 0 0 0 0 0 0 0 1 1 1 1 1 1 1 1 1 1 1 1 1 1 1 1 1 1 1 1 1 1 2 2 2 2 2 2 2 2 2 2 2 2 2 2 3 3 3 3 3 3 3 3 3 3 3 3 3 3 3 3 3 3 3 3 3 3 3 3 3 3 3 3 3 3 3 3 3 3 4 4 5 5 6 6 6 6 6 6 6 6 6 7 7 7 7 7 7 7 7 7 7 7 7 7 7 7 8 8 8 8 8 8 8 8 8 8 8 8 9 9 9 9 9 9 9 9 9 9 9 9 9 9 9 9 9 9 9 9 9 9 9 10 11 11 11 11 11 11 11 11 11 11 11 11 11 11 11 11 11 11 11 11 11 11 11 11 11 11 11 12 12 12 12 12 12 12 12 12 12 12 12 12 12 12 12 12 12 12 12 12 12 12 13 13 13 13 13 14 14 14 14 14 14 15 15 15 15 15 15 15 16 16 16 16 16 16 16 16 16 16 16 16 16 16 16 16 16 16 16 16 16 17 17 17 17 17 17 17 17 17 18 18 18 18 18 18 18 18 18 18 18 19 20 20 20 20 20 20 20 20 20 21 21 21 21 21 21 21 21 21 21 21 21 21 22 22 22 22 22 22 22 22 22 22 22 22 22 22 22 22 22 22 22 22 22 22 23 24 24 24 24 24 24 24 24 24 24 24 24 24 24 24 24 24 24 25 25 25 25 26 26 26 26 27 27 27 27 27 27 27 27 27 27 27 27 27 27 28 28 28 28 28 28 28 28 28 28 28 28 28 28 28 28 28 28 28 28 28 28 28 28 28 28 28 28 29 29 29 29 29 29 29 29 29 29 29 29 29 29 29 29 29 29 29 29 29 29 29 29 29 29 29 29 29 29 29 29 29 29 29 29 29 29 30 30 30 30 30 30 30 30 30 31 31 31 31 31 31 31 31 32 32 32 32 32 32 33 33 33 33 33 34 34 34 34 34 34 34 34 34 34 34 34 34 34 34 34 34 34 34 34 34 
0 46 77
1 66 78
2 49 127
3 43 128
4 60 165
5 161 166
6 12 189
7 9 190
8 186 239
9 225 240
10 158 287
11 7 288
12 137 298
13 14 299
14 0 309
15 333 344
16 312 345
17 342 362
18 41 363
19 144 366
20 33 367
21 101 370
22 4 371
23 35 384
24 380 385
25 63 412
26 377 413
27 112 450
28 403 451
29 418 459
30 6 460
31 209 467
32 24 468
33 216 473
34 19 474
35 109 498
36 188 499

